1 2.00000000 -0.0000000000
2 1.00000000 -0.5773502691
2 1.00000000 0.5773502691
3 0.55555556 -0.7745966692
3 0.88888889 0.0000000000
3 0.55555556 0.7745966692
4 0.34785484 -0.8611363115
4 0.65214516 -0.3399810435
4 0.65214516 0.3399810435
4 0.34785484 0.8611363115
5 0.23692688 -0.9061798459
5 0.47862868 -0.5384693101
5 0.56888889 0.0000000000
5 0.47862868 0.5384693101
5 0.23692688 0.9061798459
6 0.17132450 -0.9324695142
6 0.36076158 -0.6612093864
6 0.46791394 -0.2386191860
6 0.46791394 0.2386191860
6 0.36076158 0.6612093864
6 0.17132450 0.9324695142
7 0.1294849661 -0.9491079123
7 0.2797053914 -0.7415311855
7 0.3818300505 -0.4058451513
7 0.4179591836 0.0000000000
7 0.3818300505 0.4058451513
7 0.2797053914 0.7415311855
7 0.1294849661 0.9491079123
8 0.1012285362 -0.9602898564
8 0.2223810344 -0.7966664774
8 0.3137066458 -0.5255324099
8 0.3626837833 -0.1834346424
8 0.3626837833 0.1834346424
8 0.3137066458 0.5255324099
8 0.2223810344 0.7966664774
8 0.1012285362 0.9602898564